[TRELLIS2] Auto-detect failed: HTTPConnectionPool(host='127.0.0.1', port=8188): Max retries exceeded with url: /object_info/Trellis2ImageToShape (Caused by NewConnectionError('<urllib3.connection.HTTPConnection object at 0x158d43770>: Failed to establish a new connection: [Errno 61] Connection refused'))
[PBR] Auto-detect failed: HTTPConnectionPool(host='127.0.0.1', port=8188): Max retries exceeded with url: /object_info/MarigoldModelLoader (Caused by NewConnectionError('<urllib3.connection.HTTPConnection object at 0x158e94f50>: Failed to establish a new connection: [Errno 61] Connection refused'))
[INFO ] services.locationservice ...............: Not adding link to MakeHuman user data, since neither explicit path nor auto-discovery is set in preferences.
[INFO ] mpfb.init ..............................: Build info 20260503
[INFO ] mpfb.init ..............................: Online access preference is not enabled. Not checking if MakeHuman is online.
[INFO ] mpfb.init ..............................: MPFB initialization has finished.
MACRO_BASE {"gender": 0.0, "age": 0.6191, "muscle": 0.5, "weight": 0.5024, "proportions": 0.5, "height": 0.5, "cupsize": 0.5, "firmness": 0.5, "race": {"asian": 0.33, "caucasian": 0.33, "african": 0.33}}
MACRO_DERIVATION {"gender": "gender_presentation", "age": "age (years) -> macro.json bands", "weight": "bmi -> weight macro", "muscle": "build -> muscle macro", "proportions": "default 0.5 (no authored proportions)", "cupsize": "default 0.5 (no authored cupsize)", "firmness": "default 0.5 (no authored firmness)", "height": "SOLVED against the model (bake-measure-interpolate, #328 machinery)"}
INFO Draco mesh compression is available, use library at /Applications/Blender.app/Contents/Resources/5.1/scripts/addons_core/io_scene_gltf2/libextern_draco.dylib
17:15:58 | INFO: Starting glTF 2.0 export
17:15:58 | INFO: Extracting primitive: base
17:15:58 | INFO: Primitives created: 1
17:15:58 | INFO: Finished glTF 2.0 export in 0.033616065979003906 s

17:15:58 | INFO: Starting glTF 2.0 export
17:15:58 | INFO: Extracting primitive: base.001
17:15:58 | INFO: Primitives created: 1
17:15:58 | INFO: Finished glTF 2.0 export in 0.01794719696044922 s

17:15:58 | INFO: Starting glTF 2.0 export
17:15:58 | INFO: Extracting primitive: base.002
17:15:58 | INFO: Primitives created: 1
17:15:58 | INFO: Finished glTF 2.0 export in 0.02063727378845215 s

17:15:59 | INFO: Starting glTF 2.0 export
17:15:59 | INFO: Extracting primitive: base.003
17:15:59 | INFO: Primitives created: 1
17:15:59 | INFO: Finished glTF 2.0 export in 0.021670103073120117 s

MACRO_SOLVED height=0.5604 target_stature=1.6600
SKIN_MATERIAL mpfb_skin_peds_anxious_parent tone=default rgb=[0.68, 0.53, 0.44] shader=enhanced_skin
INNER_MOUTH mask=mpfb_inside-mouth.jpg dilate=128 node=IsInsideMouth mix=InnerMouthMix
SCALP_HAIR_REGION {'retired': True, 'figureId': 'mpfb-ob-patient-aisha', 'reason': 'RULE: placeholder scalp suppressed wherever a fitted hair mesh exists', 'hairStyle': 'toigo_blunt_bob_with_bangs'}
Info: A rig was added
FACE_TARGETS {'loaded': 32, 'names': ['eye-left-closure', 'eye-left-opened-up', 'eye-left-slit', 'eye-right-closure', 'eye-right-opened-up', 'eye-right-slit', 'eyebrows-left-down', 'eyebrows-left-extern-up', 'eyebrows-left-inner-up', 'eyebrows-left-up', 'eyebrows-right-down', 'eyebrows-right-extern-up', 'eyebrows-right-inner-up', 'eyebrows-right-up', 'mouth-compression', 'mouth-corner-puller', 'mouth-depression-retraction', 'mouth-depression', 'mouth-elevation', 'mouth-eversion', 'mouth-open', 'mouth-parling', 'mouth-part-later', 'mouth-protusion', 'mouth-pursing', 'mouth-retraction', 'mouth-upward-retraction', 'neck-platysma', 'nose-compression', 'nose-depression', 'nose-left-dilatation', 'nose-left-elevation'], 'error': None, 'targetsRoot': '/Users/patrick/Library/Application Support/Blender/5.1/extensions/user_default/mpfb/data/targets'}
FACE_TARGETS_MOUTH_NAMED 13 ['mouth-compression', 'mouth-corner-puller', 'mouth-depression-retraction', 'mouth-depression', 'mouth-elevation', 'mouth-eversion', 'mouth-open', 'mouth-parling', 'mouth-part-later', 'mouth-protusion', 'mouth-pursing', 'mouth-retraction', 'mouth-upward-retraction']
VISEMES02_INSTALLED 15 -> /Users/patrick/Library/Application Support/Blender/5.1/extensions/user_default/mpfb/data/targets/visemes
VISEMES02_LOADED 15 ['viseme_CH', 'viseme_DD', 'viseme_E', 'viseme_FF', 'viseme_I', 'viseme_O', 'viseme_PP', 'viseme_RR', 'viseme_SS', 'viseme_TH', 'viseme_U', 'viseme_aa', 'viseme_kk', 'viseme_nn', 'viseme_sil']
[ERROR] services.nodeservice ...................: Found an input name which didn't exist as socket: Scale
[ERROR] services.nodeservice ...................: The following input sockets exist on node (bpy.data.node_groups['DistanceFromCenter'].nodes["Vector Math"], [('Vector', 'VECTOR'), ('Vector', 'VECTOR'), ('Vector', 'VECTOR'), ('Scale', 'VALUE')])
[ERROR] services.nodeservice ...................: Found an input name which didn't exist as socket: Scale
[ERROR] services.nodeservice ...................: The following input sockets exist on node (bpy.data.node_groups['DistanceFromCenter'].nodes["Vector Math"], [('Vector', 'VECTOR'), ('Vector', 'VECTOR'), ('Vector', 'VECTOR'), ('Scale', 'VALUE')])
[ERROR] services.nodeservice ...................: Found an input name which didn't exist as socket: Scale
[ERROR] services.nodeservice ...................: The following input sockets exist on node (bpy.data.node_groups['DistanceFromCenter'].nodes["Vector Math"], [('Vector', 'VECTOR'), ('Vector', 'VECTOR'), ('Vector', 'VECTOR'), ('Scale', 'VALUE')])
[ERROR] services.nodeservice ...................: Found an input name which didn't exist as socket: Scale
[ERROR] services.nodeservice ...................: The following input sockets exist on node (bpy.data.node_groups['DistanceFromCenter'].nodes["Vector Math"], [('Vector', 'VECTOR'), ('Vector', 'VECTOR'), ('Vector', 'VECTOR'), ('Scale', 'VALUE')])
[ERROR] services.nodeservice ...................: Found an input name which didn't exist as socket: Scale
[ERROR] services.nodeservice ...................: The following input sockets exist on node (bpy.data.node_groups['DistanceFromCenter'].nodes["Vector Math"], [('Vector', 'VECTOR'), ('Vector', 'VECTOR'), ('Vector', 'VECTOR'), ('Scale', 'VALUE')])
[ERROR] services.nodeservice ...................: Found an input name which didn't exist as socket: Scale
[ERROR] services.nodeservice ...................: The following input sockets exist on node (bpy.data.node_groups['IrisMain'].nodes["Vector Math"], [('Vector', 'VECTOR'), ('Vector', 'VECTOR'), ('Vector', 'VECTOR'), ('Scale', 'VALUE')])
[ERROR] services.nodeservice ...................: Found an input name which didn't exist as socket: Exponent
[ERROR] services.nodeservice ...................: The following input sockets exist on node (bpy.data.node_groups['IrisMain'].nodes["Voronoi Texture"], [('Vector', 'VECTOR'), ('W', 'VALUE'), ('Scale', 'VALUE'), ('Detail', 'VALUE'), ('Roughness', 'VALUE'), ('Lacunarity', 'VALUE'), ('Smoothness', 'VALUE'), ('Exponent', 'VALUE'), ('Randomness', 'VALUE')])
[ERROR] services.nodeservice ...................: Found an input name which didn't exist as socket: Smoothness
[ERROR] services.nodeservice ...................: The following input sockets exist on node (bpy.data.node_groups['IrisMain'].nodes["Voronoi Texture"], [('Vector', 'VECTOR'), ('W', 'VALUE'), ('Scale', 'VALUE'), ('Detail', 'VALUE'), ('Roughness', 'VALUE'), ('Lacunarity', 'VALUE'), ('Smoothness', 'VALUE'), ('Exponent', 'VALUE'), ('Randomness', 'VALUE')])
[ERROR] services.nodeservice ...................: Found an input name which didn't exist as socket: W
[ERROR] services.nodeservice ...................: The following input sockets exist on node (bpy.data.node_groups['IrisMain'].nodes["Voronoi Texture"], [('Vector', 'VECTOR'), ('W', 'VALUE'), ('Scale', 'VALUE'), ('Detail', 'VALUE'), ('Roughness', 'VALUE'), ('Lacunarity', 'VALUE'), ('Smoothness', 'VALUE'), ('Exponent', 'VALUE'), ('Randomness', 'VALUE')])
[ERROR] services.nodeservice ...................: Found an input name which didn't exist as socket: Scale
[ERROR] services.nodeservice ...................: The following input sockets exist on node (bpy.data.node_groups['RadiatingFromCoord'].nodes["Vector Math"], [('Vector', 'VECTOR'), ('Vector', 'VECTOR'), ('Vector', 'VECTOR'), ('Scale', 'VALUE')])
EYES_FIT mpfb_parent_tara_johnson_v1_body_mesh.low-poly verts 96 tris 172 material ['mpfb_parent_tara_johnson_v1_body_mesh.low-poly'] dominantGroups {'eye.L': 48, 'eye.R': 48}
EYES_ANATOMICAL {"targetDiameterMm": 24.0, "perEye": [{"side": "L", "beforeDiameterMm": 31.259, "scale": 0.7678, "seatShiftForwardMm": 3.63}, {"side": "R", "beforeDiameterMm": 31.259, "scale": 0.7678, "seatShiftForwardMm": 3.63}]}
SCALP_REGION retired for mpfb-ob-patient-aisha (rule: fitted hair 'toigo_blunt_bob_with_bangs') — eye-socket/forehead/hairline passes skipped (no placeholder paint)
FOREHEAD_HAIRLINE planeY -0.1346 hairlineZ 1.6175 (hairlineFrac 0.9717) unpainted 0 scalp polys in the face front below the hairline
HAIRLINE_SNAP WARNING: no scalp/skin seam found in the face-front strip — skipping
EYE_MATERIAL brown.mhmat diffuseTexture /Volumes/files/src/openclinxr/.openclinxr-local/provider-cache/eyes/makehuman-system-assets/brown_eye.png name mat_makeclothes_library_eyes_peds_anxious_parent
EYE_SOCKET_UNPAINT 0 polygons reverted to skin in the eye footprint x[-0.0405,0.0405] y[-0.1364,-0.1199]
HAIR_FIT {"style": "toigo_blunt_bob_with_bangs", "mesh": "makeclothes_library_hair_toigo_blunt_bob_with_bangs_mpfb_peds_anxious_parent_mesh", "material": "openclinxr_fitted_hair_toigo_blunt_bob_with_bangs_mpfb_peds_anxious_parent_mat", "tris": 4976, "weightedBone": "head", "licence": "CC0", "pageCc0Override": false, "textureMaps": ["diffuse", "normal", "specular"], "wiredTextureMaps": "diffuse,normal", "fitWallClockS": 0.0076}
[eyebrow_reduction] Starting reduction on openclinxr_fitted_eyebrow_mindfront_eyebrows_05_mpfb_peds_anxious_parent_mesh
[eyebrow_reduction] Budget: 9000 tris
[eyebrow_reduction] Brow bbox LOCAL:  {'min': [-0.06137848645448685, -0.14919984340667725, 1.5582060813903809], 'max': [0.0593276284635067, -0.11424945294857025, 1.572933554649353], 'size': [0.12070611491799355, 0.034950390458106995, 0.014727473258972168]}
[eyebrow_reduction] Brow bbox WORLD:  {'min': [-0.06137848645448685, -0.14919984340667725, 1.5582060813903809], 'max': [0.0593276284635067, -0.11424945294857025, 1.572933554649353], 'size': [0.12070611491799355, 0.034950390458106995, 0.014727473258972168]}
[eyebrow_reduction] Eyes bbox LOCAL:  {'min': [-0.040528785437345505, -0.13639706373214722, 1.5419214963912964], 'max': [0.040528785437345505, -0.11990292370319366, 1.5637803077697754], 'size': [0.08105757087469101, 0.016494140028953552, 0.021858811378479004]}
[eyebrow_reduction] Eyes bbox WORLD:  {'min': [-0.040528785437345505, -0.13639706373214722, 1.5419214963912964], 'max': [0.040528785437345505, -0.11990292370319366, 1.5637803077697754], 'size': [0.08105757087469101, 0.016494140028953552, 0.021858811378479004]}
[eyebrow_reduction] Original: 21468 verts, 35334 tris
[eyebrow_reduction] Components by adjacency: 1267
[eyebrow_reduction] Components by position:  1265
[eyebrow_reduction] Using position method (1265 strands)
[eyebrow_reduction] Eye-anchored band: x[-0.0811,0.0811] y[1.5572,1.5747]
[eyebrow_reduction] Phase 2 densest fill spent to 8988 tris
[eyebrow_reduction] Kept 322 strands (8988 tris), dropped 943
[eyebrow_reduction] Band coverage: 306/2304 cells
[eyebrow_reduction] After reduction: 5460 verts, 8988 tris
[eyebrow_reduction] Kept vertex indices (first 10): [135, 136, 137, 138, 139, 140, 141, 142, 143, 144]
[eyebrow_reduction] Spot-check: kept vert 0 has weight 1.0000 in group head
EYEBROW_REDUCTION {"beforeTris": 35334, "afterTris": 8988, "beforeVerts": 21468, "afterVerts": 5460, "keptStrands": 322, "droppedStrands": 943, "bandCellsCovered": 306, "bandCellsTotal": 2304, "keptVertexIndices": [135, 136, 137, 138, 139, 140, 141, 142, 143, 144, 145, 146, 147, 148, 149, 150, 151, 152, 153, 154, 155, 156, 157, 158, 159, 160, 161, 162, 163, 164, 180, 181, 182, 183, 184, 185, 186, 187, 188, 189, 190, 191, 192, 193, 194, 282, 283, 284, 285, 286, 287, 288, 289, 290, 291, 292, 293, 294, 295, 296, 387, 388, 389, 390, 391, 392, 393, 394, 395, 396, 397, 398, 399, 400, 401, 402, 403, 404, 405, 406, 407, 408, 409, 410, 411, 412, 413, 414, 415, 416, 417, 418, 419, 420, 421, 422, 588, 589, 590, 591, 592, 593, 594, 595, 596, 597, 598, 599, 600, 601, 602, 603, 604, 605, 606, 607, 608, 609, 610, 611, 612, 613, 614, 615, 616, 617, 618, 619, 620, 639, 640, 641, 642, 643, 644, 645, 646, 647, 648, 649, 650, 651, 652, 653, 654, 655, 656, 708, 709, 710, 711, 712, 713, 714, 715, 716, 717, 718, 719, 720, 721, 722, 723, 724, 725, 726, 727, 728, 729, 730, 731, 732, 733, 734, 735, 736, 737, 738, 739, 740, 807, 808, 809, 810, 811, 812, 813, 814, 815, 816, 817, 818, 819, 820, 821, 822, 823, 824, 855, 856, 857, 858, 859, 860, 861, 862, 863, 864, 865, 866, 867, 868, 869, 870, 871, 872, 891, 892, 893, 894, 895, 896, 897, 898, 899, 900, 901, 902, 903, 904, 905, 924, 925, 926, 927, 928, 929, 930, 931, 932, 933, 934, 935, 936, 937, 938, 939, 940, 941, 942, 943, 944, 945, 946, 947, 948, 949, 950, 951, 952, 953, 954, 955, 956, 957, 958, 959, 990, 991, 992, 993, 994, 995, 996, 997, 998, 999, 1000, 1001, 1002, 1003, 1004, 1005, 1006, 1007, 1095, 1096, 1097, 1098, 1099, 1100, 1101, 1102, 1103, 1104, 1105, 1106, 1107, 1108, 1109, 1110, 1111, 1112, 1131, 1132, 1133, 1134, 1135, 1136, 1137, 1138, 1139, 1140, 1141, 1142, 1143, 1144, 1145, 1146, 1147, 1148, 1179, 1180, 1181, 1182, 1183, 1184, 1185, 1186, 1187, 1188, 1189, 1190, 1191, 1192, 1193, 1194, 1195, 1196, 1368, 1369, 1370, 1371, 1372, 1373, 1374, 1375, 1376, 1377, 1378, 1379, 1380, 1381, 1382, 1383, 1384, 1385, 1386, 1387, 1388, 1389, 1390, 1391, 1392, 1393, 1394, 1395, 1396, 1397, 1398, 1399, 1400, 1401, 1402, 1403, 1422, 1423, 1424, 1425, 1426, 1427, 1428, 1429, 1430, 1431, 1432, 1433, 1434, 1435, 1436, 1437, 1438, 1439, 1440, 1441, 1442, 1443, 1444, 1445, 1446, 1447, 1448, 1449, 1450, 1451, 1452, 1453, 1454, 1455, 1456, 1457, 1458, 1459, 1460, 1461, 1462, 1463, 1464, 1465, 1466, 1467, 1468, 1469, 1590, 1591, 1592, 1593, 1594, 1595, 1596, 1597, 1598, 1599, 1600, 1601, 1602, 1603, 1604, 1605, 1606, 1607, 1626, 1627, 1628, 1629, 1630, 1631, 1632, 1633, 1634, 1635, 1636, 1637, 1638, 1639, 1640, 1641, 1642, 1643, 1677, 1678, 1679, 1680, 1681, 1682, 1683, 1684, 1685, 1686, 1687, 1688, 1689, 1690, 1691, 1692, 1693, 1694, 1695, 1696, 1697, 1698, 1699, 1700, 1701, 1702, 1703, 1704, 1705, 1706, 1707, 1708, 1709, 1815, 1816, 1817, 1818, 1819, 1820, 1821, 1822, 1823, 1824, 1825, 1826, 1827, 1828, 1829, 1830, 1831, 1832, 1884, 1885, 1886, 1887, 1888, 1889, 1890, 1891, 1892, 1893, 1894, 1895, 1896, 1897, 1898, 1899, 1900, 1901, 1902, 1903, 1904, 1905, 1906, 1907, 1908, 1909, 1910, 1911, 1912, 1913, 1914, 1915, 1916, 1932, 1933, 1934, 1935, 1936, 1937, 1938, 1939, 1940, 1941, 1942, 1943, 1944, 1945, 1946, 1947, 1948, 1949, 2037, 2038, 2039, 2040, 2041, 2042, 2043, 2044, 2045, 2046, 2047, 2048, 2049, 2050, 2051, 2052, 2053, 2054, 2106, 2107, 2108, 2109, 2110, 2111, 2112, 2113, 2114, 2115, 2116, 2117, 2118, 2119, 2120, 2139, 2140, 2141, 2142, 2143, 2144, 2145, 2146, 2147, 2148, 2149, 2150, 2151, 2152, 2153, 2154, 2155, 2156, 2157, 2158, 2159, 2160, 2161, 2162, 2163, 2164, 2165, 2166, 2167, 2168, 2169, 2170, 2171, 2172, 2173, 2174, 2175, 2176, 2177, 2178, 2179, 2180, 2181, 2182, 2183, 2184, 2185, 2186, 2187, 2188, 2189, 2355, 2356, 2357, 2358, 2359, 2360, 2361, 2362, 2363, 2364, 2365, 2366, 2367, 2368, 2369, 2370, 2371, 2372, 2406, 2407, 2408, 2409, 2410, 2411, 2412, 2413, 2414, 2415, 2416, 2417, 2418, 2419, 2420, 2421, 2422, 2423, 2580, 2581, 2582, 2583, 2584, 2585, 2586, 2587, 2588, 2589, 2590, 2591, 2592, 2593, 2594, 2595, 2596, 2597, 2598, 2599, 2600, 2601, 2602, 2603, 2604, 2605, 2606, 2607, 2608, 2609, 2610, 2611, 2612, 2697, 2698, 2699, 2700, 2701, 2702, 2703, 2704, 2705, 2706, 2707, 2708, 2709, 2710, 2711, 2712, 2713, 2714, 2769, 2770, 2771, 2772, 2773, 2774, 2775, 2776, 2777, 2778, 2779, 2780, 2781, 2782, 2783, 2835, 2836, 2837, 2838, 2839, 2840, 2841, 2842, 2843, 2844, 2845, 2846, 2847, 2848, 2849, 2850, 2851, 2852, 2955, 2956, 2957, 2958, 2959, 2960, 2961, 2962, 2963, 2964, 2965, 2966, 2967, 2968, 2969, 2970, 2971, 2972, 2973, 2974, 2975, 2976, 2977, 2978, 2979, 2980, 2981, 2982, 2983, 2984, 2985, 2986, 2987, 2988, 2989, 2990, 2991, 2992, 2993, 2994, 2995, 2996, 2997, 2998, 2999, 3000, 3001, 3002, 3021, 3022, 3023, 3024, 3025, 3026, 3027, 3028, 3029, 3030, 3031, 3032, 3033, 3034, 3035, 3036, 3037, 3038, 3057, 3058, 3059, 3060, 3061, 3062, 3063, 3064, 3065, 3066, 3067, 3068, 3069, 3070, 3071, 3366, 3367, 3368, 3369, 3370, 3371, 3372, 3373, 3374, 3375, 3376, 3377, 3378, 3379, 3380, 3414, 3415, 3416, 3417, 3418, 3419, 3420, 3421, 3422, 3423, 3424, 3425, 3426, 3427, 3428, 3429, 3430, 3431, 3450, 3451, 3452, 3453, 3454, 3455, 3456, 3457, 3458, 3459, 3460, 3461, 3462, 3463, 3464, 3567, 3568, 3569, 3570, 3571, 3572, 3573, 3574, 3575, 3576, 3577, 3578, 3579, 3580, 3581, 3582, 3583, 3584, 3585, 3586, 3587, 3588, 3589, 3590, 3591, 3592, 3593, 3594, 3595, 3596, 3597, 3598, 3599, 3702, 3703, 3704, 3705, 3706, 3707, 3708, 3709, 3710, 3711, 3712, 3713, 3714, 3715, 3716, 3717, 3718, 3719, 3720, 3721, 3722, 3723, 3724, 3725, 3726, 3727, 3728, 3729, 3730, 3731, 3732, 3733, 3734, 3735, 3736, 3737, 3807, 3808, 3809, 3810, 3811, 3812, 3813, 3814, 3815, 3816, 3817, 3818, 3819, 3820, 3821, 3822, 3823, 3824, 3843, 3844, 3845, 3846, 3847, 3848, 3849, 3850, 3851, 3852, 3853, 3854, 3855, 3856, 3857, 3858, 3859, 3860, 3984, 3985, 3986, 3987, 3988, 3989, 3990, 3991, 3992, 3993, 3994, 3995, 3996, 3997, 3998, 3999, 4000, 4001, 4038, 4039, 4040, 4041, 4042, 4043, 4044, 4045, 4046, 4047, 4048, 4049, 4050, 4051, 4052, 4053, 4054, 4055, 4056, 4057, 4058, 4059, 4060, 4061, 4062, 4063, 4064, 4065, 4066, 4067, 4068, 4069, 4070, 4071, 4072, 4073, 4122, 4123, 4124, 4125, 4126, 4127, 4128, 4129, 4130, 4131, 4132, 4133, 4134, 4135, 4136, 4137, 4138, 4139, 4221, 4222, 4223, 4224, 4225, 4226, 4227, 4228, 4229, 4230, 4231, 4232, 4233, 4234, 4235, 4236, 4237, 4238, 4272, 4273, 4274, 4275, 4276, 4277, 4278, 4279, 4280, 4281, 4282, 4283, 4284, 4285, 4286, 4287, 4288, 4289, 4326, 4327, 4328, 4329, 4330, 4331, 4332, 4333, 4334, 4335, 4336, 4337, 4338, 4339, 4340, 4341, 4342, 4343, 4509, 4510, 4511, 4512, 4513, 4514, 4515, 4516, 4517, 4518, 4519, 4520, 4521, 4522, 4523, 4587, 4588, 4589, 4590, 4591, 4592, 4593, 4594, 4595, 4596, 4597, 4598, 4599, 4600, 4601, 4602, 4603, 4604, 4605, 4606, 4607, 4608, 4609, 4610, 4611, 4612, 4613, 4614, 4615, 4616, 4617, 4618, 4619, 4620, 4621, 4622, 4674, 4675, 4676, 4677, 4678, 4679, 4680, 4681, 4682, 4683, 4684, 4685, 4686, 4687, 4688, 4689, 4690, 4691, 4725, 4726, 4727, 4728, 4729, 4730, 4731, 4732, 4733, 4734, 4735, 4736, 4737, 4738, 4739, 4740, 4741, 4742, 4779, 4780, 4781, 4782, 4783, 4784, 4785, 4786, 4787, 4788, 4789, 4790, 4791, 4792, 4793, 4830, 4831, 4832, 4833, 4834, 4835, 4836, 4837, 4838, 4839, 4840, 4841, 4842, 4843, 4844, 4845, 4846, 4847, 4848, 4849, 4850, 4851, 4852, 4853, 4854, 4855, 4856, 4857, 4858, 4859, 4860, 4861, 4862, 4863, 4864, 4865, 4866, 4867, 4868, 4869, 4870, 4871, 4872, 4873, 4874, 4875, 4876, 4877, 4878, 4879, 4880, 4881, 4882, 4883, 4884, 4885, 4886, 4887, 4888, 4889, 4890, 4891, 4892, 4911, 4912, 4913, 4914, 4915, 4916, 4917, 4918, 4919, 4920, 4921, 4922, 4923, 4924, 4925, 4944, 4945, 4946, 4947, 4948, 4949, 4950, 4951, 4952, 4953, 4954, 4955, 4956, 4957, 4958, 4977, 4978, 4979, 4980, 4981, 4982, 4983, 4984, 4985, 4986, 4987, 4988, 4989, 4990, 4991, 5058, 5059, 5060, 5061, 5062, 5063, 5064, 5065, 5066, 5067, 5068, 5069, 5070, 5071, 5072, 5091, 5092, 5093, 5094, 5095, 5096, 5097, 5098, 5099, 5100, 5101, 5102, 5103, 5104, 5105, 5397, 5398, 5399, 5400, 5401, 5402, 5403, 5404, 5405, 5406, 5407, 5408, 5409, 5410, 5411, 5412, 5413, 5414, 5415, 5416, 5417, 5418, 5419, 5420, 5421, 5422, 5423, 5424, 5425, 5426, 5427, 5428, 5429, 5430, 5431, 5432, 5433, 5434, 5435, 5436, 5437, 5438, 5439, 5440, 5441, 5442, 5443, 5444, 5445, 5446, 5447, 5499, 5500, 5501, 5502, 5503, 5504, 5505, 5506, 5507, 5508, 5509, 5510, 5511, 5512, 5513, 5568, 5569, 5570, 5571, 5572, 5573, 5574, 5575, 5576, 5577, 5578, 5579, 5580, 5581, 5582, 5583, 5584, 5585, 5640, 5641, 5642, 5643, 5644, 5645, 5646, 5647, 5648, 5649, 5650, 5651, 5652, 5653, 5654, 5655, 5656, 5657, 5748, 5749, 5750, 5751, 5752, 5753, 5754, 5755, 5756, 5757, 5758, 5759, 5760, 5761, 5762, 5763, 5764, 5765, 5946, 5947, 5948, 5949, 5950, 5951, 5952, 5953, 5954, 5955, 5956, 5957, 5958, 5959, 5960, 5961, 5962, 5963, 5964, 5965, 5966, 5967, 5968, 5969, 5970, 5971, 5972, 5973, 5974, 5975, 6135, 6136, 6137, 6138, 6139, 6140, 6141, 6142, 6143, 6144, 6145, 6146, 6147, 6148, 6149, 6150, 6151, 6152, 6153, 6154, 6155, 6156, 6157, 6158, 6159, 6160, 6161, 6162, 6163, 6164, 6198, 6199, 6200, 6201, 6202, 6203, 6204, 6205, 6206, 6207, 6208, 6209, 6210, 6211, 6212, 6213, 6214, 6215, 6231, 6232, 6233, 6234, 6235, 6236, 6237, 6238, 6239, 6240, 6241, 6242, 6243, 6244, 6245, 6246, 6247, 6248, 6267, 6268, 6269, 6270, 6271, 6272, 6273, 6274, 6275, 6276, 6277, 6278, 6279, 6280, 6281, 6282, 6283, 6284, 6285, 6286, 6287, 6288, 6289, 6290, 6291, 6292, 6293, 6294, 6295, 6296, 6297, 6298, 6299, 6300, 6301, 6302, 6303, 6304, 6305, 6306, 6307, 6308, 6309, 6310, 6311, 6312, 6313, 6314, 6315, 6316, 6317, 6363, 6364, 6365, 6366, 6367, 6368, 6369, 6370, 6371, 6372, 6373, 6374, 6375, 6376, 6377, 6579, 6580, 6581, 6582, 6583, 6584, 6585, 6586, 6587, 6588, 6589, 6590, 6591, 6592, 6593, 6594, 6595, 6596, 6612, 6613, 6614, 6615, 6616, 6617, 6618, 6619, 6620, 6621, 6622, 6623, 6624, 6625, 6626, 6627, 6628, 6629, 6729, 6730, 6731, 6732, 6733, 6734, 6735, 6736, 6737, 6738, 6739, 6740, 6741, 6742, 6743, 7287, 7288, 7289, 7290, 7291, 7292, 7293, 7294, 7295, 7296, 7297, 7298, 7299, 7300, 7301, 7302, 7303, 7304, 7305, 7306, 7307, 7308, 7309, 7310, 7311, 7312, 7313, 7314, 7315, 7316, 7317, 7318, 7319, 7320, 7321, 7322, 7323, 7324, 7325, 7326, 7327, 7328, 7329, 7330, 7331, 7332, 7333, 7334, 7350, 7351, 7352, 7353, 7354, 7355, 7356, 7357, 7358, 7359, 7360, 7361, 7362, 7363, 7364, 7413, 7414, 7415, 7416, 7417, 7418, 7419, 7420, 7421, 7422, 7423, 7424, 7425, 7426, 7427, 7428, 7429, 7430, 7479, 7480, 7481, 7482, 7483, 7484, 7485, 7486, 7487, 7488, 7489, 7490, 7491, 7492, 7493, 7494, 7495, 7496, 7497, 7498, 7499, 7500, 7501, 7502, 7503, 7504, 7505, 7506, 7507, 7508, 7509, 7510, 7511, 7512, 7513, 7514, 7515, 7516, 7517, 7518, 7519, 7520, 7521, 7522, 7523, 7524, 7525, 7526, 7527, 7528, 7529, 7548, 7549, 7550, 7551, 7552, 7553, 7554, 7555, 7556, 7557, 7558, 7559, 7560, 7561, 7562, 7563, 7564, 7565, 7566, 7567, 7568, 7569, 7570, 7571, 7572, 7573, 7574, 7575, 7576, 7577, 7578, 7579, 7580, 7581, 7582, 7583, 7584, 7585, 7586, 7587, 7588, 7589, 7590, 7591, 7592, 7593, 7594, 7595, 7596, 7597, 7598, 7599, 7600, 7601, 7602, 7603, 7604, 7605, 7606, 7607, 7608, 7609, 7610, 7611, 7612, 7613, 7614, 7615, 7616, 7617, 7618, 7619, 7638, 7639, 7640, 7641, 7642, 7643, 7644, 7645, 7646, 7647, 7648, 7649, 7650, 7651, 7652, 7653, 7654, 7655, 7656, 7657, 7658, 7659, 7660, 7661, 7662, 7663, 7664, 7665, 7666, 7667, 7668, 7669, 7670, 7725, 7726, 7727, 7728, 7729, 7730, 7731, 7732, 7733, 7734, 7735, 7736, 7737, 7738, 7739, 7740, 7741, 7742, 7779, 7780, 7781, 7782, 7783, 7784, 7785, 7786, 7787, 7788, 7789, 7790, 7791, 7792, 7793, 7794, 7795, 7796, 7797, 7798, 7799, 7800, 7801, 7802, 7803, 7804, 7805, 7806, 7807, 7808, 7809, 7810, 7811, 7812, 7813, 7814, 7848, 7849, 7850, 7851, 7852, 7853, 7854, 7855, 7856, 7857, 7858, 7859, 7860, 7861, 7862, 7863, 7864, 7865, 7917, 7918, 7919, 7920, 7921, 7922, 7923, 7924, 7925, 7926, 7927, 7928, 7929, 7930, 7931, 7932, 7933, 7934, 7935, 7936, 7937, 7938, 7939, 7940, 7941, 7942, 7943, 7944, 7945, 7946, 7947, 7948, 7949, 7950, 7951, 7952, 7953, 7954, 7955, 7956, 7957, 7958, 7959, 7960, 7961, 7962, 7963, 7964, 7965, 7966, 7967, 7968, 7969, 7970, 7971, 7972, 7973, 7974, 7975, 7976, 7977, 7978, 7979, 7980, 7981, 7982, 7983, 7984, 7985, 7986, 7987, 7988, 7989, 7990, 7991, 7992, 7993, 7994, 7995, 7996, 7997, 7998, 7999, 8000, 8001, 8002, 8003, 8004, 8005, 8006, 8007, 8008, 8009, 8010, 8011, 8012, 8013, 8014, 8015, 8016, 8017, 8018, 8019, 8020, 8021, 8022, 8023, 8024, 8025, 8026, 8027, 8028, 8029, 8030, 8031, 8032, 8033, 8034, 8035, 8036, 8037, 8038, 8039, 8058, 8059, 8060, 8061, 8062, 8063, 8064, 8065, 8066, 8067, 8068, 8069, 8070, 8071, 8072, 8073, 8074, 8075, 8076, 8077, 8078, 8079, 8080, 8081, 8082, 8083, 8084, 8085, 8086, 8087, 8088, 8089, 8090, 8091, 8092, 8093, 8094, 8095, 8096, 8097, 8098, 8099, 8100, 8101, 8102, 8103, 8104, 8105, 8106, 8107, 8108, 8109, 8110, 8111, 8112, 8113, 8114, 8115, 8116, 8117, 8118, 8119, 8120, 8121, 8122, 8123, 8124, 8125, 8126, 8127, 8128, 8129, 8241, 8242, 8243, 8244, 8245, 8246, 8247, 8248, 8249, 8250, 8251, 8252, 8253, 8254, 8255, 8256, 8257, 8258, 8259, 8260, 8261, 8262, 8263, 8264, 8265, 8266, 8267, 8268, 8269, 8270, 8340, 8341, 8342, 8343, 8344, 8345, 8346, 8347, 8348, 8349, 8350, 8351, 8352, 8353, 8354, 8355, 8356, 8357, 8358, 8359, 8360, 8361, 8362, 8363, 8364, 8365, 8366, 8367, 8368, 8369, 8403, 8404, 8405, 8406, 8407, 8408, 8409, 8410, 8411, 8412, 8413, 8414, 8415, 8416, 8417, 8418, 8419, 8420, 8421, 8422, 8423, 8424, 8425, 8426, 8427, 8428, 8429, 8430, 8431, 8432, 8433, 8434, 8435, 8436, 8437, 8438, 8559, 8560, 8561, 8562, 8563, 8564, 8565, 8566, 8567, 8568, 8569, 8570, 8571, 8572, 8573, 8574, 8575, 8576, 8592, 8593, 8594, 8595, 8596, 8597, 8598, 8599, 8600, 8601, 8602, 8603, 8604, 8605, 8606, 8691, 8692, 8693, 8694, 8695, 8696, 8697, 8698, 8699, 8700, 8701, 8702, 8703, 8704, 8705, 8706, 8707, 8708, 8775, 8776, 8777, 8778, 8779, 8780, 8781, 8782, 8783, 8784, 8785, 8786, 8787, 8788, 8789, 8790, 8791, 8792, 8826, 8827, 8828, 8829, 8830, 8831, 8832, 8833, 8834, 8835, 8836, 8837, 8838, 8839, 8840, 8841, 8842, 8843, 8844, 8845, 8846, 8847, 8848, 8849, 8850, 8851, 8852, 8853, 8854, 8855, 8856, 8857, 8858, 8925, 8926, 8927, 8928, 8929, 8930, 8931, 8932, 8933, 8934, 8935, 8936, 8937, 8938, 8939, 8940, 8941, 8942, 8943, 8944, 8945, 8946, 8947, 8948, 8949, 8950, 8951, 8952, 8953, 8954, 8955, 8956, 8957, 8958, 8959, 8960, 8961, 8962, 8963, 8964, 8965, 8966, 8967, 8968, 8969, 8970, 8971, 8972, 8973, 8974, 8975, 8976, 8977, 8978, 9015, 9016, 9017, 9018, 9019, 9020, 9021, 9022, 9023, 9024, 9025, 9026, 9027, 9028, 9029, 9063, 9064, 9065, 9066, 9067, 9068, 9069, 9070, 9071, 9072, 9073, 9074, 9075, 9076, 9077, 9078, 9079, 9080, 9129, 9130, 9131, 9132, 9133, 9134, 9135, 9136, 9137, 9138, 9139, 9140, 9141, 9142, 9143, 9144, 9145, 9146, 9225, 9226, 9227, 9228, 9229, 9230, 9231, 9232, 9233, 9234, 9235, 9236, 9237, 9238, 9239, 9240, 9241, 9242, 9312, 9313, 9314, 9315, 9316, 9317, 9318, 9319, 9320, 9321, 9322, 9323, 9324, 9325, 9326, 9327, 9328, 9329, 9330, 9331, 9332, 9333, 9334, 9335, 9336, 9337, 9338, 9339, 9340, 9341, 9342, 9343, 9344, 9345, 9346, 9347, 9366, 9367, 9368, 9369, 9370, 9371, 9372, 9373, 9374, 9375, 9376, 9377, 9378, 9379, 9380, 9381, 9382, 9383, 9447, 9448, 9449, 9450, 9451, 9452, 9453, 9454, 9455, 9456, 9457, 9458, 9459, 9460, 9461, 9462, 9463, 9464, 9465, 9466, 9467, 9468, 9469, 9470, 9471, 9472, 9473, 9474, 9475, 9476, 9477, 9478, 9479, 9480, 9481, 9482, 9483, 9484, 9485, 9486, 9487, 9488, 9489, 9490, 9491, 9492, 9493, 9494, 9495, 9496, 9497, 9498, 9499, 9500, 9501, 9502, 9503, 9504, 9505, 9506, 9507, 9508, 9509, 9510, 9511, 9512, 9513, 9514, 9515, 9534, 9535, 9536, 9537, 9538, 9539, 9540, 9541, 9542, 9543, 9544, 9545, 9546, 9547, 9548, 9600, 9601, 9602, 9603, 9604, 9605, 9606, 9607, 9608, 9609, 9610, 9611, 9612, 9613, 9614, 9630, 9631, 9632, 9633, 9634, 9635, 9636, 9637, 9638, 9639, 9640, 9641, 9642, 9643, 9644, 9645, 9646, 9647, 9648, 9649, 9650, 9651, 9652, 9653, 9654, 9655, 9656, 9657, 9658, 9659, 9660, 9661, 9662, 9696, 9697, 9698, 9699, 9700, 9701, 9702, 9703, 9704, 9705, 9706, 9707, 9708, 9709, 9710, 9801, 9802, 9803, 9804, 9805, 9806, 9807, 9808, 9809, 9810, 9811, 9812, 9813, 9814, 9815, 9816, 9817, 9818, 9855, 9856, 9857, 9858, 9859, 9860, 9861, 9862, 9863, 9864, 9865, 9866, 9867, 9868, 9869, 9870, 9871, 9872, 9873, 9874, 9875, 9876, 9877, 9878, 9879, 9880, 9881, 9882, 9883, 9884, 9885, 9886, 9887, 9888, 9889, 9890, 9942, 9943, 9944, 9945, 9946, 9947, 9948, 9949, 9950, 9951, 9952, 9953, 9954, 9955, 9956, 9975, 9976, 9977, 9978, 9979, 9980, 9981, 9982, 9983, 9984, 9985, 9986, 9987, 9988, 9989, 10005, 10006, 10007, 10008, 10009, 10010, 10011, 10012, 10013, 10014, 10015, 10016, 10017, 10018, 10019, 10020, 10021, 10022, 10053, 10054, 10055, 10056, 10057, 10058, 10059, 10060, 10061, 10062, 10063, 10064, 10065, 10066, 10067, 10068, 10069, 10070, 10230, 10231, 10232, 10233, 10234, 10235, 10236, 10237, 10238, 10239, 10240, 10241, 10242, 10243, 10244, 10245, 10246, 10247, 10281, 10282, 10283, 10284, 10285, 10286, 10287, 10288, 10289, 10290, 10291, 10292, 10293, 10294, 10295, 10311, 10312, 10313, 10314, 10315, 10316, 10317, 10318, 10319, 10320, 10321, 10322, 10323, 10324, 10325, 10479, 10480, 10481, 10482, 10483, 10484, 10485, 10486, 10487, 10488, 10489, 10490, 10491, 10492, 10493, 10494, 10495, 10496, 10515, 10516, 10517, 10518, 10519, 10520, 10521, 10522, 10523, 10524, 10525, 10526, 10527, 10528, 10529, 10530, 10531, 10532, 10671, 10672, 10673, 10674, 10675, 10676, 10677, 10678, 10679, 10680, 10681, 10682, 10683, 10684, 10685, 10704, 10705, 10706, 10707, 10708, 10709, 10710, 10711, 10712, 10713, 10714, 10715, 10716, 10717, 10718, 10719, 10720, 10721, 10722, 10723, 10724, 10725, 10726, 10727, 10728, 10729, 10730, 10731, 10732, 10733, 10734, 10735, 10736, 10737, 10738, 10739, 10740, 10741, 10742, 10743, 10744, 10745, 10746, 10747, 10748, 10749, 10750, 10751, 10752, 10753, 10754, 10803, 10804, 10805, 10806, 10807, 10808, 10809, 10810, 10811, 10812, 10813, 10814, 10815, 10816, 10817, 10818, 10819, 10820, 10857, 10858, 10859, 10860, 10861, 10862, 10863, 10864, 10865, 10866, 10867, 10868, 10869, 10870, 10871, 10872, 10873, 10874, 10875, 10876, 10877, 10878, 10879, 10880, 10881, 10882, 10883, 10884, 10885, 10886, 10887, 10888, 10889, 10890, 10891, 10892, 10911, 10912, 10913, 10914, 10915, 10916, 10917, 10918, 10919, 10920, 10921, 10922, 10923, 10924, 10925, 10926, 10927, 10928, 10929, 10930, 10931, 10932, 10933, 10934, 10935, 10936, 10937, 10938, 10939, 10940, 10941, 10942, 10943, 10962, 10963, 10964, 10965, 10966, 10967, 10968, 10969, 10970, 10971, 10972, 10973, 10974, 10975, 10976, 10995, 10996, 10997, 10998, 10999, 11000, 11001, 11002, 11003, 11004, 11005, 11006, 11007, 11008, 11009, 11010, 11011, 11012, 11145, 11146, 11147, 11148, 11149, 11150, 11151, 11152, 11153, 11154, 11155, 11156, 11157, 11158, 11159, 11160, 11161, 11162, 11214, 11215, 11216, 11217, 11218, 11219, 11220, 11221, 11222, 11223, 11224, 11225, 11226, 11227, 11228, 11229, 11230, 11231, 11247, 11248, 11249, 11250, 11251, 11252, 11253, 11254, 11255, 11256, 11257, 11258, 11259, 11260, 11261, 11262, 11263, 11264, 11265, 11266, 11267, 11268, 11269, 11270, 11271, 11272, 11273, 11274, 11275, 11276, 11277, 11278, 11279, 11280, 11281, 11282, 11352, 11353, 11354, 11355, 11356, 11357, 11358, 11359, 11360, 11361, 11362, 11363, 11364, 11365, 11366, 11367, 11368, 11369, 11421, 11422, 11423, 11424, 11425, 11426, 11427, 11428, 11429, 11430, 11431, 11432, 11433, 11434, 11435, 11490, 11491, 11492, 11493, 11494, 11495, 11496, 11497, 11498, 11499, 11500, 11501, 11502, 11503, 11504, 11505, 11506, 11507, 11526, 11527, 11528, 11529, 11530, 11531, 11532, 11533, 11534, 11535, 11536, 11537, 11538, 11539, 11540, 11541, 11542, 11543, 11625, 11626, 11627, 11628, 11629, 11630, 11631, 11632, 11633, 11634, 11635, 11636, 11637, 11638, 11639, 11640, 11641, 11642, 11661, 11662, 11663, 11664, 11665, 11666, 11667, 11668, 11669, 11670, 11671, 11672, 11673, 11674, 11675, 11676, 11677, 11678, 11694, 11695, 11696, 11697, 11698, 11699, 11700, 11701, 11702, 11703, 11704, 11705, 11706, 11707, 11708, 11709, 11710, 11711, 11730, 11731, 11732, 11733, 11734, 11735, 11736, 11737, 11738, 11739, 11740, 11741, 11742, 11743, 11744, 11745, 11746, 11747, 11817, 11818, 11819, 11820, 11821, 11822, 11823, 11824, 11825, 11826, 11827, 11828, 11829, 11830, 11831, 11850, 11851, 11852, 11853, 11854, 11855, 11856, 11857, 11858, 11859, 11860, 11861, 11862, 11863, 11864, 11865, 11866, 11867, 11886, 11887, 11888, 11889, 11890, 11891, 11892, 11893, 11894, 11895, 11896, 11897, 11898, 11899, 11900, 11901, 11902, 11903, 11904, 11905, 11906, 11907, 11908, 11909, 11910, 11911, 11912, 11913, 11914, 11915, 11916, 11917, 11918, 11919, 11920, 11921, 11940, 11941, 11942, 11943, 11944, 11945, 11946, 11947, 11948, 11949, 11950, 11951, 11952, 11953, 11954, 11955, 11956, 11957, 11958, 11959, 11960, 11961, 11962, 11963, 11964, 11965, 11966, 11967, 11968, 11969, 11970, 11971, 11972, 12009, 12010, 12011, 12012, 12013, 12014, 12015, 12016, 12017, 12018, 12019, 12020, 12021, 12022, 12023, 12024, 12025, 12026, 12177, 12178, 12179, 12180, 12181, 12182, 12183, 12184, 12185, 12186, 12187, 12188, 12189, 12190, 12191, 12207, 12208, 12209, 12210, 12211, 12212, 12213, 12214, 12215, 12216, 12217, 12218, 12219, 12220, 12221, 12222, 12223, 12224, 12309, 12310, 12311, 12312, 12313, 12314, 12315, 12316, 12317, 12318, 12319, 12320, 12321, 12322, 12323, 12360, 12361, 12362, 12363, 12364, 12365, 12366, 12367, 12368, 12369, 12370, 12371, 12372, 12373, 12374, 12375, 12376, 12377, 12378, 12379, 12380, 12381, 12382, 12383, 12384, 12385, 12386, 12387, 12388, 12389, 12390, 12391, 12392, 12393, 12394, 12395, 12396, 12397, 12398, 12399, 12400, 12401, 12402, 12403, 12404, 12405, 12406, 12407, 12408, 12409, 12410, 12447, 12448, 12449, 12450, 12451, 12452, 12453, 12454, 12455, 12456, 12457, 12458, 12459, 12460, 12461, 12462, 12463, 12464, 12465, 12466, 12467, 12468, 12469, 12470, 12471, 12472, 12473, 12474, 12475, 12476, 12477, 12478, 12479, 12543, 12544, 12545, 12546, 12547, 12548, 12549, 12550, 12551, 12552, 12553, 12554, 12555, 12556, 12557, 12642, 12643, 12644, 12645, 12646, 12647, 12648, 12649, 12650, 12651, 12652, 12653, 12654, 12655, 12656, 12657, 12658, 12659, 12783, 12784, 12785, 12786, 12787, 12788, 12789, 12790, 12791, 12792, 12793, 12794, 12795, 12796, 12797, 12798, 12799, 12800, 12801, 12802, 12803, 12804, 12805, 12806, 12807, 12808, 12809, 12810, 12811, 12812, 12813, 12814, 12815, 12834, 12835, 12836, 12837, 12838, 12839, 12840, 12841, 12842, 12843, 12844, 12845, 12846, 12847, 12848, 12849, 12850, 12851, 12852, 12853, 12854, 12855, 12856, 12857, 12858, 12859, 12860, 12861, 12862, 12863, 12864, 12865, 12866, 12996, 12997, 12998, 12999, 13000, 13001, 13002, 13003, 13004, 13005, 13006, 13007, 13008, 13009, 13010, 13011, 13012, 13013, 13077, 13078, 13079, 13080, 13081, 13082, 13083, 13084, 13085, 13086, 13087, 13088, 13089, 13090, 13091, 13092, 13093, 13094, 13095, 13096, 13097, 13098, 13099, 13100, 13101, 13102, 13103, 13104, 13105, 13106, 13107, 13108, 13109, 13110, 13111, 13112, 13113, 13114, 13115, 13116, 13117, 13118, 13119, 13120, 13121, 13173, 13174, 13175, 13176, 13177, 13178, 13179, 13180, 13181, 13182, 13183, 13184, 13185, 13186, 13187, 13188, 13189, 13190, 13191, 13192, 13193, 13194, 13195, 13196, 13197, 13198, 13199, 13200, 13201, 13202, 13287, 13288, 13289, 13290, 13291, 13292, 13293, 13294, 13295, 13296, 13297, 13298, 13299, 13300, 13301, 13302, 13303, 13304, 13341, 13342, 13343, 13344, 13345, 13346, 13347, 13348, 13349, 13350, 13351, 13352, 13353, 13354, 13355, 13356, 13357, 13358, 13461, 13462, 13463, 13464, 13465, 13466, 13467, 13468, 13469, 13470, 13471, 13472, 13473, 13474, 13475, 13611, 13612, 13613, 13614, 13615, 13616, 13617, 13618, 13619, 13620, 13621, 13622, 13623, 13624, 13625, 13626, 13627, 13628, 13818, 13819, 13820, 13821, 13822, 13823, 13824, 13825, 13826, 13827, 13828, 13829, 13830, 13831, 13832, 13833, 13834, 13835, 14010, 14011, 14012, 14013, 14014, 14015, 14016, 14017, 14018, 14019, 14020, 14021, 14022, 14023, 14024, 14025, 14026, 14027, 14136, 14137, 14138, 14139, 14140, 14141, 14142, 14143, 14144, 14145, 14146, 14147, 14148, 14149, 14150, 14217, 14218, 14219, 14220, 14221, 14222, 14223, 14224, 14225, 14226, 14227, 14228, 14229, 14230, 14231, 14232, 14233, 14234, 14253, 14254, 14255, 14256, 14257, 14258, 14259, 14260, 14261, 14262, 14263, 14264, 14265, 14266, 14267, 14304, 14305, 14306, 14307, 14308, 14309, 14310, 14311, 14312, 14313, 14314, 14315, 14316, 14317, 14318, 14559, 14560, 14561, 14562, 14563, 14564, 14565, 14566, 14567, 14568, 14569, 14570, 14571, 14572, 14573, 14574, 14575, 14576, 14577, 14578, 14579, 14580, 14581, 14582, 14583, 14584, 14585, 14586, 14587, 14588, 14589, 14590, 14591, 14697, 14698, 14699, 14700, 14701, 14702, 14703, 14704, 14705, 14706, 14707, 14708, 14709, 14710, 14711, 14712, 14713, 14714, 14715, 14716, 14717, 14718, 14719, 14720, 14721, 14722, 14723, 14724, 14725, 14726, 14727, 14728, 14729, 14730, 14731, 14732, 14961, 14962, 14963, 14964, 14965, 14966, 14967, 14968, 14969, 14970, 14971, 14972, 14973, 14974, 14975, 14976, 14977, 14978, 15069, 15070, 15071, 15072, 15073, 15074, 15075, 15076, 15077, 15078, 15079, 15080, 15081, 15082, 15083, 15084, 15085, 15086, 15405, 15406, 15407, 15408, 15409, 15410, 15411, 15412, 15413, 15414, 15415, 15416, 15417, 15418, 15419, 15420, 15421, 15422, 15459, 15460, 15461, 15462, 15463, 15464, 15465, 15466, 15467, 15468, 15469, 15470, 15471, 15472, 15473, 15492, 15493, 15494, 15495, 15496, 15497, 15498, 15499, 15500, 15501, 15502, 15503, 15504, 15505, 15506, 15507, 15508, 15509, 15771, 15772, 15773, 15774, 15775, 15776, 15777, 15778, 15779, 15780, 15781, 15782, 15783, 15784, 15785, 15786, 15787, 15788, 15789, 15790, 15791, 15792, 15793, 15794, 15795, 15796, 15797, 15798, 15799, 15800, 15801, 15802, 15803, 15804, 15805, 15806, 15807, 15808, 15809, 15810, 15811, 15812, 15813, 15814, 15815, 15816, 15817, 15818, 15819, 15820, 15821, 15822, 15823, 15824, 15825, 15826, 15827, 15828, 15829, 15830, 15831, 15832, 15833, 15834, 15835, 15836, 16242, 16243, 16244, 16245, 16246, 16247, 16248, 16249, 16250, 16251, 16252, 16253, 16254, 16255, 16256, 16257, 16258, 16259, 16296, 16297, 16298, 16299, 16300, 16301, 16302, 16303, 16304, 16305, 16306, 16307, 16308, 16309, 16310, 16311, 16312, 16313, 16365, 16366, 16367, 16368, 16369, 16370, 16371, 16372, 16373, 16374, 16375, 16376, 16377, 16378, 16379, 16380, 16381, 16382, 16431, 16432, 16433, 16434, 16435, 16436, 16437, 16438, 16439, 16440, 16441, 16442, 16443, 16444, 16445, 16566, 16567, 16568, 16569, 16570, 16571, 16572, 16573, 16574, 16575, 16576, 16577, 16578, 16579, 16580, 16581, 16582, 16583, 16692, 16693, 16694, 16695, 16696, 16697, 16698, 16699, 16700, 16701, 16702, 16703, 16704, 16705, 16706, 16707, 16708, 16709, 16863, 16864, 16865, 16866, 16867, 16868, 16869, 16870, 16871, 16872, 16873, 16874, 16875, 16876, 16877, 16977, 16978, 16979, 16980, 16981, 16982, 16983, 16984, 16985, 16986, 16987, 16988, 16989, 16990, 16991, 16992, 16993, 16994, 17070, 17071, 17072, 17073, 17074, 17075, 17076, 17077, 17078, 17079, 17080, 17081, 17082, 17083, 17084, 17085, 17086, 17087, 17175, 17176, 17177, 17178, 17179, 17180, 17181, 17182, 17183, 17184, 17185, 17186, 17187, 17188, 17189, 17190, 17191, 17192, 17193, 17194, 17195, 17196, 17197, 17198, 17199, 17200, 17201, 17202, 17203, 17204, 17205, 17206, 17207, 17280, 17281, 17282, 17283, 17284, 17285, 17286, 17287, 17288, 17289, 17290, 17291, 17292, 17293, 17294, 17295, 17296, 17297, 17349, 17350, 17351, 17352, 17353, 17354, 17355, 17356, 17357, 17358, 17359, 17360, 17361, 17362, 17363, 17364, 17365, 17366, 17451, 17452, 17453, 17454, 17455, 17456, 17457, 17458, 17459, 17460, 17461, 17462, 17463, 17464, 17465, 17466, 17467, 17468, 17499, 17500, 17501, 17502, 17503, 17504, 17505, 17506, 17507, 17508, 17509, 17510, 17511, 17512, 17513, 17514, 17515, 17516, 17799, 17800, 17801, 17802, 17803, 17804, 17805, 17806, 17807, 17808, 17809, 17810, 17811, 17812, 17813, 17814, 17815, 17816, 17937, 17938, 17939, 17940, 17941, 17942, 17943, 17944, 17945, 17946, 17947, 17948, 17949, 17950, 17951, 17952, 17953, 17954, 17973, 17974, 17975, 17976, 17977, 17978, 17979, 17980, 17981, 17982, 17983, 17984, 17985, 17986, 17987, 18006, 18007, 18008, 18009, 18010, 18011, 18012, 18013, 18014, 18015, 18016, 18017, 18018, 18019, 18020, 18021, 18022, 18023, 18042, 18043, 18044, 18045, 18046, 18047, 18048, 18049, 18050, 18051, 18052, 18053, 18054, 18055, 18056, 18057, 18058, 18059, 18060, 18061, 18062, 18063, 18064, 18065, 18066, 18067, 18068, 18069, 18070, 18071, 18072, 18073, 18074, 18075, 18076, 18077, 18093, 18094, 18095, 18096, 18097, 18098, 18099, 18100, 18101, 18102, 18103, 18104, 18105, 18106, 18107, 18108, 18109, 18110, 18111, 18112, 18113, 18114, 18115, 18116, 18117, 18118, 18119, 18120, 18121, 18122, 18123, 18124, 18125, 18144, 18145, 18146, 18147, 18148, 18149, 18150, 18151, 18152, 18153, 18154, 18155, 18156, 18157, 18158, 18159, 18160, 18161, 18177, 18178, 18179, 18180, 18181, 18182, 18183, 18184, 18185, 18186, 18187, 18188, 18189, 18190, 18191, 18192, 18193, 18194, 18195, 18196, 18197, 18198, 18199, 18200, 18201, 18202, 18203, 18204, 18205, 18206, 18207, 18208, 18209, 18210, 18211, 18212, 18213, 18214, 18215, 18216, 18217, 18218, 18219, 18220, 18221, 18222, 18223, 18224, 18225, 18226, 18227, 18228, 18229, 18230, 18231, 18232, 18233, 18234, 18235, 18236, 18237, 18238, 18239, 18240, 18241, 18242, 18243, 18244, 18245, 18246, 18247, 18248, 18249, 18250, 18251, 18252, 18253, 18254, 18255, 18256, 18257, 18258, 18259, 18260, 18261, 18262, 18263, 18279, 18280, 18281, 18282, 18283, 18284, 18285, 18286, 18287, 18288, 18289, 18290, 18291, 18292, 18293, 18294, 18295, 18296, 18315, 18316, 18317, 18318, 18319, 18320, 18321, 18322, 18323, 18324, 18325, 18326, 18327, 18328, 18329, 18330, 18331, 18332, 18351, 18352, 18353, 18354, 18355, 18356, 18357, 18358, 18359, 18360, 18361, 18362, 18363, 18364, 18365, 18459, 18460, 18461, 18462, 18463, 18464, 18465, 18466, 18467, 18468, 18469, 18470, 18471, 18472, 18473, 18474, 18475, 18476, 18477, 18478, 18479, 18480, 18481, 18482, 18483, 18484, 18485, 18486, 18487, 18488, 18624, 18625, 18626, 18627, 18628, 18629, 18630, 18631, 18632, 18633, 18634, 18635, 18636, 18637, 18638, 18654, 18655, 18656, 18657, 18658, 18659, 18660, 18661, 18662, 18663, 18664, 18665, 18666, 18667, 18668, 18669, 18670, 18671, 18708, 18709, 18710, 18711, 18712, 18713, 18714, 18715, 18716, 18717, 18718, 18719, 18720, 18721, 18722, 18723, 18724, 18725, 18780, 18781, 18782, 18783, 18784, 18785, 18786, 18787, 18788, 18789, 18790, 18791, 18792, 18793, 18794, 18795, 18796, 18797, 18897, 18898, 18899, 18900, 18901, 18902, 18903, 18904, 18905, 18906, 18907, 18908, 18909, 18910, 18911, 18912, 18913, 18914, 18933, 18934, 18935, 18936, 18937, 18938, 18939, 18940, 18941, 18942, 18943, 18944, 18945, 18946, 18947, 18948, 18949, 18950, 18966, 18967, 18968, 18969, 18970, 18971, 18972, 18973, 18974, 18975, 18976, 18977, 18978, 18979, 18980, 18981, 18982, 18983, 19137, 19138, 19139, 19140, 19141, 19142, 19143, 19144, 19145, 19146, 19147, 19148, 19149, 19150, 19151, 19152, 19153, 19154, 19155, 19156, 19157, 19158, 19159, 19160, 19161, 19162, 19163, 19164, 19165, 19166, 19167, 19168, 19169, 19170, 19171, 19172, 19173, 19174, 19175, 19176, 19177, 19178, 19179, 19180, 19181, 19182, 19183, 19184, 19185, 19186, 19187, 19188, 19189, 19190, 19191, 19192, 19193, 19194, 19195, 19196, 19197, 19198, 19199, 19200, 19201, 19202, 19404, 19405, 19406, 19407, 19408, 19409, 19410, 19411, 19412, 19413, 19414, 19415, 19416, 19417, 19418, 19419, 19420, 19421, 19422, 19423, 19424, 19425, 19426, 19427, 19428, 19429, 19430, 19431, 19432, 19433, 19434, 19435, 19436, 19437, 19438, 19439, 19440, 19441, 19442, 19443, 19444, 19445, 19446, 19447, 19448, 19449, 19450, 19451, 19452, 19453, 19454, 19455, 19456, 19457, 19491, 19492, 19493, 19494, 19495, 19496, 19497, 19498, 19499, 19500, 19501, 19502, 19503, 19504, 19505, 19506, 19507, 19508, 19509, 19510, 19511, 19512, 19513, 19514, 19515, 19516, 19517, 19518, 19519, 19520, 19521, 19522, 19523, 19524, 19525, 19526, 19527, 19528, 19529, 19530, 19531, 19532, 19533, 19534, 19535, 19536, 19537, 19538, 19539, 19540, 19541, 19662, 19663, 19664, 19665, 19666, 19667, 19668, 19669, 19670, 19671, 19672, 19673, 19674, 19675, 19676, 19677, 19678, 19679, 19698, 19699, 19700, 19701, 19702, 19703, 19704, 19705, 19706, 19707, 19708, 19709, 19710, 19711, 19712, 19713, 19714, 19715, 19716, 19717, 19718, 19719, 19720, 19721, 19722, 19723, 19724, 19725, 19726, 19727, 19728, 19729, 19730, 19731, 19732, 19733, 19734, 19735, 19736, 19737, 19738, 19739, 19740, 19741, 19742, 19743, 19744, 19745, 19746, 19747, 19748, 19749, 19750, 19751, 19752, 19753, 19754, 19755, 19756, 19757, 19758, 19759, 19760, 19761, 19762, 19763, 19818, 19819, 19820, 19821, 19822, 19823, 19824, 19825, 19826, 19827, 19828, 19829, 19830, 19831, 19832, 19917, 19918, 19919, 19920, 19921, 19922, 19923, 19924, 19925, 19926, 19927, 19928, 19929, 19930, 19931, 20052, 20053, 20054, 20055, 20056, 20057, 20058, 20059, 20060, 20061, 20062, 20063, 20064, 20065, 20066, 20067, 20068, 20069, 20103, 20104, 20105, 20106, 20107, 20108, 20109, 20110, 20111, 20112, 20113, 20114, 20115, 20116, 20117, 20118, 20119, 20120, 20157, 20158, 20159, 20160, 20161, 20162, 20163, 20164, 20165, 20166, 20167, 20168, 20169, 20170, 20171, 20394, 20395, 20396, 20397, 20398, 20399, 20400, 20401, 20402, 20403, 20404, 20405, 20406, 20407, 20408, 20442, 20443, 20444, 20445, 20446, 20447, 20448, 20449, 20450, 20451, 20452, 20453, 20454, 20455, 20456, 20457, 20458, 20459, 20460, 20461, 20462, 20463, 20464, 20465, 20466, 20467, 20468, 20469, 20470, 20471, 20472, 20473, 20474, 20475, 20476, 20477, 20547, 20548, 20549, 20550, 20551, 20552, 20553, 20554, 20555, 20556, 20557, 20558, 20559, 20560, 20561, 20595, 20596, 20597, 20598, 20599, 20600, 20601, 20602, 20603, 20604, 20605, 20606, 20607, 20608, 20609, 20610, 20611, 20612, 20667, 20668, 20669, 20670, 20671, 20672, 20673, 20674, 20675, 20676, 20677, 20678, 20679, 20680, 20681, 20682, 20683, 20684, 20703, 20704, 20705, 20706, 20707, 20708, 20709, 20710, 20711, 20712, 20713, 20714, 20715, 20716, 20717, 20718, 20719, 20720, 20754, 20755, 20756, 20757, 20758, 20759, 20760, 20761, 20762, 20763, 20764, 20765, 20766, 20767, 20768, 20769, 20770, 20771, 20844, 20845, 20846, 20847, 20848, 20849, 20850, 20851, 20852, 20853, 20854, 20855, 20856, 20857, 20858, 20859, 20860, 20861, 20931, 20932, 20933, 20934, 20935, 20936, 20937, 20938, 20939, 20940, 20941, 20942, 20943, 20944, 20945, 20946, 20947, 20948, 20985, 20986, 20987, 20988, 20989, 20990, 20991, 20992, 20993, 20994, 20995, 20996, 20997, 20998, 20999, 21000, 21001, 21002, 21036, 21037, 21038, 21039, 21040, 21041, 21042, 21043, 21044, 21045, 21046, 21047, 21048, 21049, 21050, 21339, 21340, 21341, 21342, 21343, 21344, 21345, 21346, 21347, 21348, 21349, 21350, 21351, 21352, 21353, 21387, 21388, 21389, 21390, 21391, 21392, 21393, 21394, 21395, 21396, 21397, 21398, 21399, 21400, 21401, 21402, 21403, 21404, 21453, 21454, 21455, 21456, 21457, 21458, 21459, 21460, 21461, 21462, 21463, 21464, 21465, 21466, 21467], "componentMethod": "position"}
EYEBROW_MESHOPT_FLOOR {"browTris": 8988, "floor": 9000, "breach": true}
[facs_transfer] Remapped mhclo.verts: 21468 -> 5460 entries
EYEBROW_FACS_TRANSFER {"unitsTransferred": 8, "maxDisplacementM": {"eyebrows-left-down": 0.005876, "eyebrows-left-extern-up": 0.007538, "eyebrows-left-inner-up": 0.004649, "eyebrows-left-up": 0.004991, "eyebrows-right-down": 0.005769, "eyebrows-right-extern-up": 0.007446, "eyebrows-right-inner-up": 0.004442, "eyebrows-right-up": 0.004981}}
EYEBROW_FIT {"style": "mindfront_eyebrows_05", "mesh": "openclinxr_fitted_eyebrow_mindfront_eyebrows_05_mpfb_peds_anxious_parent_mesh", "tris": 8988, "weightedBone": "head", "licence": "CC0", "fitWallClockS": 0.0591, "facsUnitsTransferred": ["eyebrows-left-down", "eyebrows-left-extern-up", "eyebrows-left-inner-up", "eyebrows-left-up", "eyebrows-right-down", "eyebrows-right-extern-up", "eyebrows-right-inner-up", "eyebrows-right-up"]}
EYELASH_LICENCE mindfront_eyelashes_01 'CC0'
EYELASH_FIT {"style": "mindfront_eyelashes_01", "mesh": "openclinxr_fitted_eyelash_mindfront_eyelashes_01_mpfb_peds_anxious_parent_mesh", "tris": 16632, "weightedBone": "head", "licence": "CC0", "fitWallClockS": 0.032}
CLINICIAN_BRANCH role=parent reference=None clinician=False
TEETH_LICENCE teeth_base 'CC0 release stamp (system assets, same as shipped eyes)'
TONGUE_LICENCE tongue01 'CC0 release stamp (system assets, same as shipped eyes)'
TEETH_FIT mpfb_parent_tara_johnson_v1_body_mesh.teeth_base verts 3868 tris 7120 material ['mat_openclinxr_fitted_teeth_mpfb_peds_anxious_parent_mesh'] licence 'CC0 release stamp (system assets, same as shipped eyes)'
TONGUE_FIT mpfb_parent_tara_johnson_v1_body_mesh.tongue01 verts 226 tris 448 material ['mat_openclinxr_fitted_tongue_mpfb_peds_anxious_parent_mesh'] licence 'CC0 release stamp (system assets, same as shipped eyes)'
TONGUE_REAIM fwd_mm=6.0 floor_margin_mm=1.0 jaw_fwd=(0.0000,0.5342,0.8454) teeth_floor_z=1.459563 clamped=226 tongue_y=[-0.131508,-0.062025] tongue_z=[1.431661,1.458563]
HM08_FEATURE_RETIRED teeth (fitted from CC0 pack, not helper-held)
HM08_FEATURE_RETIRED tongue (fitted from CC0 pack, not helper-held)
HM08_FEATURES {}
HELPER_STRIP verts 19158 -> 13380; tris 36972 -> 26756
BODY_SUBSURF {"viewportLevels": 0, "renderLevels": 1}
MACRO_KEYS_REMOVED 10 (post-strip double-deformation guard)
UPPER_GARMENT_LICENCE makeclothes_library_toigo_t_shirt 'CC0'
SHIRT_FIT_STAGE rest zLo 2.1474 zHi 6.8633 span 4.7159 fracBot 1.2937 fracTop 4.1347 stature 1.6599
GARMENT_TEXTURE_NORMALISE mat_makeclothes_library_toigo_t_shirt T-shirt_basic.png authoredMean 0.5133 size 2048x2048 scale 1.466,1.466,1.466 meanAfter 0.7521,0.7521,0.7521 clippedFraction 0.0050,0.0050,0.0050 saved /var/folders/sy/ycs0d4hj4552t2dn87x96x780000gn/T/ocx-garment-texture-r2fptcjv/T-shirt_basic.png.png bytes=744895
GARMENT_MATERIAL {"name": "mat_makeclothes_library_toigo_t_shirt", "roleColour": [0.62, 0.28, 0.38, 1.0], "declaredMhmat": "t_shirt_basic_tucked.mhmat", "mhmatStaged": true, "declaredDiffuseTexture": "T-shirt_basic.png", "textureResolves": true, "textureBytes": 861166, "meshUvLayer": true, "consumed": true, "luminanceNormalised": true, "textureMeanLuminance": 0.5133, "reason": null}
SHIRT_MHCLO_REFS interpSpan 0.4550 fracBot 0.5818 fracTop 0.8558 ySize 0.0941 basisRefsZ [0.9464,1.4325] keys 49 Basis=1.000,eye-left-closure=0.000,eye-left-opened-up=0.000,eye-left-slit=0.000,eye-right-closure=0.000,eye-right-opened-up=0.000,eye-right-slit=0.000,eyebrows-left-down=0.000
SHIRT_FIT_STAGE fitted zLo 0.9676 zHi 1.4224 span 0.4548 fracBot 0.5829 fracTop 0.8569 stature 1.6599
GARMENT_NECK_ALIGN keep collarFrac 0.8569 (at or above the neck band)
SHIRT_FIT_STAGE neckalign zLo 0.9676 zHi 1.4224 span 0.4548 fracBot 0.5829 fracTop 0.8569 stature 1.6599
GARMENT_FIT makeclothes_library_toigo_t_shirt verts 1391 -> 1391 tris 2700 weights {'ok': True, 'method': 'knn12_inverse_distance_body_bone_groups', 'error': None, 'boneGroupCount': 137, 'envelopeHits': 0, 'envelopeRadius': 0.28, 'groupCount': 137, 'weightedGroups': 28, 'assignedVertices': 1391, 'garmentVertexCount': 1391}
LOWER_GARMENT_LICENCE makeclothes_library_female_tight_jeans_pants 'CC BY 3.0' matcher=hair
LOWER_GARMENT_ATTRIBUTION makeclothes_library_female_tight_jeans_pants author=punkduck pack=pants02 page=https://static.makehumancommunity.org/assets/assetpacks/pants02.html license=CC-BY mhclo='# license CC BY 3.0'
GARMENT_MATERIAL {"name": "mat_makeclothes_library_female_tight_jeans_pants", "roleColour": [0.62, 0.28, 0.38, 1.0], "declaredMhmat": "tightjeans.mhmat", "mhmatStaged": true, "declaredDiffuseTexture": "tightjeans.png", "textureResolves": true, "textureBytes": 5441511, "meshUvLayer": true, "consumed": true, "luminanceNormalised": false, "textureMeanLuminance": null, "reason": null}
LOWER_GARMENT_OPAQUE makeclothes_library_female_tight_jeans_pants blend_method=OPAQUE alpha=1.0
PANTS_FIT makeclothes_library_female_tight_jeans_pants verts 2394 -> 2394 tris 4216
COVER_SHELL_BAND_HI hemRimMax 0.9865 shirtAabbMin 0.9676 deltaMm 18.8
LOWER_FIT_STANDOFF kept ClothesService positions (no cloth_offset snap; CLOTH_STANDOFF_M=0.015)
LOWER_GATE {'garmentLabel': 'lower', 'regionBandY': [0.09999990937795503, 0.9864585995674133], 'regionFaceCount': 2846, 'sampledFaceCount': 1423, 'outwardRaycastCoverage': 0.9775, 'garmentBoundaryEdges': 564, 'garmentAdherence': 1.0, 'rayToleranceMeters': 0.06, 'coverageThreshold': 0.9, 'verdict': 'covers', 'reason': 'outward_surface_present'} pantsMesh makeclothes_library_female_tight_jeans_pants verts 2394 tris 4216 weights {'ok': True, 'method': 'knn12_inverse_distance_body_bone_groups', 'error': None, 'boneGroupCount': 137, 'envelopeHits': 0, 'envelopeRadius': 0.28, 'groupCount': 137, 'weightedGroups': 16, 'assignedVertices': 2394, 'garmentVertexCount': 2394}
LOWER_RIM_REGULARIZE skipped — covering library mesh keeps ClothesService topology
WAIST_MEET_UPPER {'enabled': True, 'pushedVertexCount': 61, 'maxDeficitMeters': 0.03363, 'marginMeters': 0.005, 'note': 'hem pushed down to the lower garment waistband rim (issue-320, derived)'}
COINCIDENT_REHIDE faces 7
VIEWER_POKE_REHIDE faces 7
HOLE_GUARD_CAMERA origin 0.0000 -4.0578 1.0406
RENDER_TRUTH_UNHIDE upper faces 313
RENDER_TRUTH_UNHIDE_SKIP_POKE 0
HOLE_GUARD_UNHIDE camera-hole faces 0
HOLE_GUARD_SCREENSPACE_UNHIDE faces 1
MASK_RING_364 upper {"verts": 21, "p95AdjMm": 7.421731948852539}
BODY_HIDE {'hiddenFaceCount': 3051, 'regionFaceCount': 3345, 'regionBandY': [0.9676253199577332, 1.4223848581314087], 'hideEpsilonMeters': 0.005} handFacesUnhidden 0 footprintClippedFaces 32 pokeRehidden 991 blackSliversUnhidden 103 reclipPolygons 12 appliedPolygonCount 1338 hiddenMaterialName openclinxr_hidden_upper_mpfb_parent_tara_johnson_v1_body_mesh bodyBlenderVerts 13380 garmentBlenderVerts 1391
WAISTBAND_HIDE band [0.9676,0.9996] faces 113
LOWER_BLACK_SLIVERS unhidden 215
LOWER_BODY_HIDE {'hiddenFaceCount': 2829, 'regionFaceCount': 2999, 'regionBandY': [0.07586096972227097, 0.9996407628059387], 'hideEpsilonMeters': 0.005} handFacesUnhidden 0 footprintClippedFaces 60 appliedPolygonCount 1313 hiddenMaterialName openclinxr_hidden_lower_mpfb_parent_tara_johnson_v1_body_mesh pantsBlenderVerts 2394
GARMENT_MATERIAL {"name": "mat_makeclothes_library_footwear_toigo_mj_cloth_shoes", "roleColour": [0.1, 0.09, 0.08], "declaredMhmat": "mj_shoes.mhmat", "mhmatStaged": true, "declaredDiffuseTexture": "MJ-shoes3.png", "textureResolves": true, "textureBytes": 1418657, "meshUvLayer": true, "consumed": true, "luminanceNormalised": false, "textureMeanLuminance": null, "reason": null}
FOOTWEAR_LATERAL L footCx -0.1877 shoeCx -0.1854 deltaX -0.0023
FOOTWEAR_LATERAL R footCx 0.1877 shoeCx 0.1854 deltaX 0.0023
FOOTWEAR_FIT makeclothes_library_footwear_toigo_mj_cloth_shoes_mpfb_peds_anxious_parent verts 556 -> 556 tris 1004 soleDeltaZ 0.009997 weights {'ok': True, 'method': 'knn12_inverse_distance_body_bone_groups', 'error': None, 'boneGroupCount': 137, 'envelopeHits': 0, 'envelopeRadius': 0.28, 'groupCount': 137, 'weightedGroups': 8, 'assignedVertices': 556, 'garmentVertexCount': 556}
PANTS_TUCK L: no vertical overlap (hem 0.076 above boot top 0.069) — no-op
PANTS_TUCK R: no vertical overlap (hem 0.076 above boot top 0.069) — no-op
PANTS_TUCK totalMoved 0
FOOT_BLACK_SLIVERS unhidden 260
FOOT_HIDE {'hiddenFaceCount': 2770, 'regionFaceCount': 3484, 'regionBandY': [-9.062204497922721e-08, 0.06855419278144836], 'hideEpsilonMeters': 0.005} appliedPolygonCount 1390 hiddenMaterialName openclinxr_hidden_foot_mpfb_parent_tara_johnson_v1_body_mesh
RENDER_TRUTH_REHIDE band [0.9676,0.9996] faces 78
RENDER_TRUTH_REHIDE poke upper region 3345 candidates 3051 picked 192
RENDER_TRUTH_REHIDE poke lower region 2999 candidates 2811 picked 66
RENDER_TRUTH_REHIDE poke foot region 3484 candidates 2768 picked 112
RENDER_TRUTH_REHIDE applied upper faces 192 reclip 0 handFaces 0 polygons 107
RENDER_TRUTH_REHIDE applied lower faces 96 reclip 31 handFaces 0 polygons 50
RENDER_TRUTH_REHIDE applied foot faces 110 reclip 2 handFaces 0 polygons 70
RENDER_TRUTH_REHIDE total band 78 pokes 370
ORPHAN_EXTEND_SKIP_THROAT n=18 components=6 neck_z=1.295
ORPHAN_EXTEND {"slot": "orphan", "hiddenMaterialName": "openclinxr_hidden_orphan_mpfb_parent_tara_johnson_v1_body_mesh", "hiddenMaterialIndex": 7, "appliedPolygonCount": 59, "alpha": 0.0} orphanPolygons=59 components=34
HOLE_GUARD_SCREENSPACE_UNHIDE_FINAL faces 173 polygons 90
BODY_SUBDIV_SKIPPED --no-body-subdiv
BODY_SHADE_SMOOTH True
SKIN_SHEET {"subjectId": "peds_anxious_parent", "albedo": "/Users/patrick/.grok/worktrees/src-openclinxr/2026-10-09-b7f1907f/tools/openclinxr/asset-pipeline/skin/sheets/peds_anxious_parent/albedo.png", "normal": "/Users/patrick/.grok/worktrees/src-openclinxr/2026-10-09-b7f1907f/tools/openclinxr/asset-pipeline/skin/sheets/peds_anxious_parent/normal.png", "roughness": "/Users/patrick/.grok/worktrees/src-openclinxr/2026-10-09-b7f1907f/tools/openclinxr/asset-pipeline/skin/sheets/peds_anxious_parent/roughness.png", "cavity": "/Users/patrick/.grok/worktrees/src-openclinxr/2026-10-09-b7f1907f/tools/openclinxr/asset-pipeline/skin/sheets/peds_anxious_parent/cavity.png"}
SCALP_REGION_EXPORT {'retired': True, 'figureId': 'mpfb-ob-patient-aisha', 'reason': 'RULE: placeholder scalp suppressed wherever a fitted hair mesh exists', 'hairStyle': 'toigo_blunt_bob_with_bangs'}
SKIN_SHEET_WIRED {"roughnessWired": true, "cavityWired": true, "cavitySocket": "glTF Material Output.Occlusion", "exporterKeepsCavity": true, "packing": "occlusionTexture shares metallicRoughnessTexture; R=cavity G=roughness B=255; metallicFactor 0"}
SKIN_MATERIAL_EXPORTABLE mpfb_skin_peds_anxious_parent texture=skin_sheet_albedo normal=skin_sheet_normal
17:21:59 | INFO: Starting glTF 2.0 export
17:21:59 | INFO: Extracting primitive: makeclothes_library_female_tight_jeans_pants_mpfb_peds_anxious_parent_mesh
17:22:00 | INFO: Primitives created: 1
17:22:00 | WARNING: There are more than 4 joint vertex influences.The 4 with highest weight will be used (and normalized).
17:22:00 | INFO: Extracting primitive: makeclothes_library_footwear_toigo_mj_cloth_shoes_mpfb_peds_anxious_parent_mesh
17:22:00 | INFO: Primitives created: 1
17:22:00 | INFO: Extracting primitive: makeclothes_library_hair_toigo_blunt_bob_with_bangs_mpfb_peds_anxious_parent_mesh
17:22:00 | WARNING: More than one shader node tex image used for a texture. The resulting glTF sampler will behave like the first shader node tex image.
17:22:00 | INFO: Primitives created: 1
17:22:00 | INFO: Extracting primitive: makeclothes_library_toigo_t_shirt_mpfb_peds_anxious_parent_mesh
17:22:00 | INFO: Primitives created: 1
17:22:00 | INFO: Extracting primitive: mpfb_parent_tara_johnson_v1_body
17:22:01 | WARNING: More than one shader node tex image used for a texture. The resulting glTF sampler will behave like the first shader node tex image.
17:22:01 | INFO: Primitives created: 8
17:22:01 | INFO: Extracting primitive: makeclothes_library_eyes_low_poly_mpfb_peds_anxious_parent_mesh
17:22:01 | INFO: Primitives created: 1
17:22:01 | INFO: Extracting primitive: openclinxr_fitted_teeth_mpfb_parent_tara_johnson_v1_mesh
17:22:01 | INFO: Primitives created: 1
17:22:01 | INFO: Extracting primitive: openclinxr_fitted_tongue_mpfb_parent_tara_johnson_v1_mesh
17:22:01 | INFO: Primitives created: 1
17:22:01 | INFO: Extracting primitive: openclinxr_fitted_eyebrow_mindfront_eyebrows_05_mpfb_peds_anxious_parent_mesh
17:22:01 | INFO: Primitives created: 1
17:22:01 | INFO: Extracting primitive: openclinxr_fitted_eyelash_mindfront_eyelashes_01_mpfb_peds_anxious_parent_mesh
17:22:01 | INFO: Primitives created: 1
17:22:02 | INFO: Finished glTF 2.0 export in 2.1853559017181396 s

EXPORTED /Users/patrick/.grok/worktrees/src-openclinxr/2026-10-09-b7f1907f/tools/openclinxr/asset-pipeline/skin/factory-finish/runs/tara-20261009T211555Z/mpfb-peds-parent-aisha.glb
GLB_FACTOR_PATCH /Users/patrick/.grok/worktrees/src-openclinxr/2026-10-09-b7f1907f/tools/openclinxr/asset-pipeline/skin/factory-finish/runs/tara-20261009T211555Z/mpfb-peds-parent-aisha.glb materials mat_makeclothes_library_toigo_t_shirt
GLB_AUTO_SMOOTH /Users/patrick/.grok/worktrees/src-openclinxr/2026-10-09-b7f1907f/tools/openclinxr/asset-pipeline/skin/factory-finish/runs/tara-20261009T211555Z/mpfb-peds-parent-aisha.glb angle=60.0 prims [mat_makeclothes_library_female_tight_jeans_pants:1735,mat_makeclothes_library_footwear_toigo_mj_cloth_shoes:472,mat_makeclothes_library_toigo_t_shirt:1149]
BODY_SMOOTH /Users/patrick/.grok/worktrees/src-openclinxr/2026-10-09-b7f1907f/tools/openclinxr/asset-pipeline/skin/factory-finish/runs/tara-20261009T211555Z/mpfb-peds-parent-aisha.glb angle=60.0 prims [mpfb_skin_peds_anxious_parent:8958]
GARMENT_TEXTURE_VERIFY /Users/patrick/.grok/worktrees/src-openclinxr/2026-10-09-b7f1907f/tools/openclinxr/asset-pipeline/skin/factory-finish/runs/tara-20261009T211555Z/mpfb-peds-parent-aisha.glb ok [mat_makeclothes_library_female_tight_jeans_pants,mat_makeclothes_library_footwear_toigo_mj_cloth_shoes,mat_makeclothes_library_toigo_t_shirt]
TEETH_REST_CLEARANCE openclinxr_fitted_teeth_mpfb_parent_tara_johnson_v1_mesh marginAtCapBefore=-0.003607 delta=0.004107 marginAtCapAfter=0.000500 tongueGapAfter=0.007965 skipped=False
BODY_CENSUS {"reference": null, "macro": {"gender": 0.0, "age": 0.6191, "muscle": 0.5, "weight": 0.5024, "proportions": 0.5, "height": 0.5604, "cupsize": 0.5, "firmness": 0.5, "race": {"asian": 0.33, "caucasian": 0.33, "african": 0.33}}, "macroSource": "default_macro_info_dict (HumanService None path \u2014 pre-#328 Aisha bake unchanged)", "statureMeters": 0.0143, "chestSpanMeters": 0.0888, "waistSpanMeters": 0.0869, "chestWaistRatio": 1.0222, "footwear": {"kind": "toigo_mj_cloth_shoes", "mesh": "makeclothes_library_footwear_toigo_mj_cloth_shoes_mpfb_peds_anxious_parent", "verts": 556, "tris": 1004, "weights": true, "soleDeltaZ": 0.009997, "bodyMinZ": -0.0, "shoeMinZ": -0.0}, "hair": {"style": "toigo_blunt_bob_with_bangs", "mesh": "makeclothes_library_hair_toigo_blunt_bob_with_bangs_mpfb_peds_anxious_parent_mesh", "material": "openclinxr_fitted_hair_toigo_blunt_bob_with_bangs_mpfb_peds_anxious_parent_mat", "tris": 4976, "weightedBone": "head", "licence": "CC0", "pageCc0Override": false, "textureMaps": ["diffuse", "normal", "specular"], "wiredTextureMaps": "diffuse,normal", "fitWallClockS": 0.0076}, "outOfScopeWrongness": "garment/hide-mask/poke-through were not re-graded for the new bodies; the toigo t-shirt was authored for an adult and is expected to fit the child loosely. Exact MADR 0051 \u00a75 landmark match (shoulder/girths/limbs) is NOT claimed \u2014 follow-on."}
SEATED_REST_BIND_OK output=/Users/patrick/.grok/worktrees/src-openclinxr/2026-10-09-b7f1907f/tools/openclinxr/asset-pipeline/skin/factory-finish/runs/tara-20261009T211555Z/mpfb-peds-parent-aisha.motion-bind.glb
Blender 5.1.1 (hash b70da489d7f4 built 2026-04-14 01:46:23)
OBJ import of 'base.obj' took 11.37 ms
OBJ import of 'base.obj' took 8.26 ms
OBJ import of 'base.obj' took 8.05 ms
OBJ import of 'base.obj' took 8.82 ms
OBJ import of 'base.obj' took 9.74 ms
OBJ import of 'low-poly.obj' took 0.45 ms
OBJ import of 'bob_blunt_bangs.obj' took 1.81 ms
OBJ import of 'mind_eyebrows_05.obj' took 8.58 ms
OBJ import of 'mind_eyelashes_01.obj' took 5.86 ms
OBJ import of 'teeth_base.obj' took 2.47 ms
OBJ import of 'tongue01.obj' took 0.68 ms
OBJ import of 't_shirt_basic_tucked.obj' took 1.11 ms
OBJ import of 'tightjeans.obj' took 1.67 ms
OBJ import of 'mj_shoes.obj' took 0.71 ms

Blender quit

/Users/patrick/.grok/worktrees/src-openclinxr/2026-10-09-b7f1907f/tools/openclinxr/evidence/blender/materialize_mpfb_humanoid_candidate.py:1076: DeprecationWarning: 'Material.use_nodes' is expected to be removed in Blender 6.0
  material.use_nodes = True
